node0
{"count_transactions":100,"transactions_time":117.934,"block_times":[60.297,88.279,29.326,324.89,711.97,285.415,112.405,16.038,1533.919,1589.43,559.593,1257.633,91.288,304.278,959.973,868.135,201.98,446.519,285.974],"throughput":0.847931894110265,"block_time":511.9653684210526}

node1
{"count_transactions":100,"transactions_time":528.503,"block_times":[51.025,483.567,42.153,1179.236,310.917,657.909,1119.611,7.255,1452.492,63.666,213.739,1236.292,294.078,213.923,840.853,3.433,837.833,470.434,195.696],"throughput":0.18921368469053154,"block_time":509.1637894736842}

node2
{"count_transactions":100,"transactions_time":227.114,"block_times":[1998.318,223.478,891.525,327.959,511.786,536.71,204.953,3172.629,1031.623,269.765,296.235,145.675,886.724,406.953,334.117,47.276,240.233,1.58,21.289],"throughput":0.4403075107655186,"block_time":607.8330526315789}

node3
{"count_transactions":100,"transactions_time":488.624,"block_times":[20.584,485.326,474.889,39.153,1139.643,20.049,121.686,887.626,135.822,389.918,59.723,2149.526,894.153,744.448,753.757,953.708,44.021,935.453,1315.784],"throughput":0.20465634107207176,"block_time":608.6983684210527}

node4
{"count_transactions":100,"transactions_time":2010.211,"block_times":[983.118,1712.132,295.662,35.57,504.981,75.955,996.578,401.886,1886.229,193.694,384.09,150.455,539.08,418.964,719.893,977.532,30.284],"throughput":0.04974602168628069,"block_time":606.2413529411764}

node5
{"count_transactions":100,"transactions_time":312.309,"block_times":[542.663,223.621,85.347,178.231,34.979,577.895,249.087,1289.7,89.476,61.542,591.151,48.718,1162.513,773.194,1480.933,23.029,1948.119,250.957,194.655],"throughput":0.32019570361404887,"block_time":516.0952631578948}

node6
{"count_transactions":100,"transactions_time":839.451,"block_times":[1179.532,837.018,1904.638,292.669,282.017,835.068,35.391,103.273,2704.417,1871.405,1296.075,47.526,381.51],"throughput":0.11912547605518368,"block_time":905.426076923077}

node7
{"count_transactions":100,"transactions_time":906.039,"block_times":[1020.623,903.173,151.718,843.736,319.085,192.091,487.716,271.436,413.926,343.471,54.872,2025.172,3013.554,1623.729,105.597,148.991,41.38,459.96,35.68],"throughput":0.11037052488910522,"block_time":655.5742105263157}

node8
{"count_transactions":100,"transactions_time":765.54,"block_times":[45.393,762.215,239.255,2172.397,1045.848,1306.707,72.417,37.175,441.998,1555.716,1380.228,838.168,1185.049,127.026,40.763,443.03,131.001,9.313,42.499],"throughput":0.13062674713274292,"block_time":625.0630526315791}

node9
{"count_transactions":100,"transactions_time":752.075,"block_times":[713.666,749.097,72.309,2562.474,2336.763,389.487,326.303,301.868,80.426,1274.653,723.901,48.963,195.372,1390.939,61.411],"throughput":0.13296546222118805,"block_time":748.5088}
